0.030808482730210748,0.019099339761096384,0.013822627278942555,0.011827114184137887,0.010529430818879141,0.01113828225912766,0.01222801636400596,0.014279515798143825,0.01672291960761407,0.019695194372571122,0.0231923410687769,0.02646654216370941,0.027937183327265355,0.028852959877786934,0.024009141769405863,0.02185866648537538,0.018347523204336306,0.017407752508386214,0.014321505552643722,0.013981588492406454,0.013330747297658038,0.014589440176595452,0.015651181111807154,0.02210360671995812,0.041263931600685304,0.5165349654683741
0.029248084261370048,0.019714522263649878,0.014994428639901055,0.013372820477703141,0.012365929421136875,0.012280335900099556,0.012944852872516552,0.014269218079839417,0.015634045678925377,0.0181349327390521,0.019529329009041863,0.02029033322335547,0.020467745248778275,0.02376076143995945,0.01951376655067144,0.019747203426227763,0.017993314367881267,0.020133152393814212,0.0172634350703085,0.017904608355169865,0.01620518790111984,0.017324128657953144,0.017892158388473526,0.02393506097370817,0.06286766307899148,0.5022129815801961
0.03407407407407253,0.017581819418928234,0.014112630695606173,0.014219228413961388,0.01418157900705295,0.01521398924950601,0.015776008709259676,0.017610850286905826,0.019412578530765036,0.022177315098318377,0.023976321698304687,0.02589462702138641,0.025740854142567608,0.02702002676283019,0.021307749880927113,0.020816039554556673,0.018157447098046398,0.01942527953550523,0.017146810006576526,0.018553446281553216,0.0176906851738442,0.019047424644484404,0.01887460025855531,0.023717765530379274,0.08271211811934033,0.4355587308067208
0.02386569872956289,0.01894901831379397,0.011244019138746704,0.010848044877074041,0.011178023428467928,0.011516251443646663,0.011994720343167798,0.014395314304558328,0.018025078369891086,0.022067315624466205,0.024781389209680926,0.02795743276684709,0.02892262002967421,0.030869493482898143,0.023321234119762974,0.02134136281139965,0.01766210196335781,0.01670516416431554,0.01353737007093422,0.01310014849033732,0.011285266457670941,0.012704174228664655,0.013652862563922081,0.019575977561442356,0.03374855634380981,0.5367513611610817
0.03491142882833564,0.02315439259058964,0.016036409413800256,0.0132815884771617,0.011669159902230082,0.01198387980151965,0.012950519492194753,0.014047951868288895,0.015613376821898044,0.01747717258911938,0.02020133899011285,0.02314826168346062,0.024513410337521864,0.02308082170504143,0.019214262942341024,0.017090925439991276,0.014597689874190802,0.014105173668159726,0.013205973955903817,0.013610613826418975,0.013252977577226285,0.013326548462774496,0.01453024989577161,0.022005869321753684,0.028226696421996832,0.5547633061119923
0.030378919860601733,0.021190699544340334,0.01291543822030545,0.012287255427489038,0.011801460734377678,0.011935473063511847,0.011717703028668824,0.013778142589106658,0.01545329670328376,0.018878986866775933,0.021257705708907417,0.026643326185986797,0.02807558295360822,0.029817743232352405,0.023460533369050303,0.02129120879119096,0.016659407665491274,0.014640846957907865,0.010880125971580274,0.010478088984177769,0.008911819887422179,0.01025194317876386,0.011441302599829601,0.019951085499849277,0.02544559099435017,0.5604563119802328
0.026871084734565124,0.02022200241783224,0.015197902438246591,0.012387546512165868,0.01102161933021602,0.011445527765993559,0.012246243700240021,0.013784874318988127,0.01568461212376895,0.01903662882889875,0.0228361044384604,0.026878934890783225,0.02704378817136338,0.029186880818905383,0.023244312561801733,0.02055170897899255,0.016367575714743874,0.015001648532794027,0.01132777542272202,0.010676212456619505,0.009341685899542068,0.009522239492558426,0.010346505895459197,0.01638327602718008,0.018989527891590134,0.5744037806347837
0.02759792354882643,0.01693880761364358,0.012697813434001764,0.012773320748772835,0.012729274815156375,0.014491112159814698,0.01578732106338475,0.019285826647777702,0.020569450998885908,0.023753342771732733,0.027226679251201997,0.031046090923372002,0.030448324681434356,0.032518483561407886,0.02696869592573417,0.02613182318702147,0.021758691206530276,0.021588799748295365,0.017800849457279975,0.016926223061181737,0.014270882491732407,0.013157149598859112,0.013603901211254614,0.020342929054572696,0.02840962718261544,0.4811766556548805
0.02275184717965151,0.017165255000885594,0.013056406559728728,0.012218417732913841,0.010542440079284067,0.0115245990268413,0.012245449630553032,0.0174265633447311,0.02000360425300054,0.026464227788766927,0.031005586592150833,0.037970805550515435,0.037141827356246944,0.03573616867900907,0.028185258605128685,0.02409443142906461,0.01737249954945272,0.016453415029720263,0.013056406559728728,0.012560821769676914,0.012155343305089066,0.011497567129202111,0.01273202378805845,0.018832222021968974,0.02755451432688092,0.5002522977108486
0.02811186684359924,0.02024579738994398,0.013603185136022449,0.013706867949559205,0.013872760451218016,0.015289758902887021,0.016499391727482514,0.01988636363634989,0.02209826365846736,0.02562347931871708,0.028215549657135994,0.030904390621522546,0.028796173412941828,0.03008184030079761,0.024372373368706887,0.02341849148416873,0.019775768635244016,0.01934030081838964,0.016347323600961937,0.015116954213659092,0.011612475116116724,0.009448960406983073,0.010948905109481483,0.018234350807330903,0.021123645211221852,0.5033247622203997
0.025639968104686932,0.01761115235501553,0.012710000274950707,0.011555170612326738,0.011644532431458354,0.01288872391321394,0.013479886716700019,0.016999367593268307,0.019687096153303853,0.025420000549901414,0.02783964365254211,0.03397811322827547,0.03667271577439806,0.03859743187877134,0.03714702081440434,0.033435068327398725,0.028307074706461335,0.023357804723787182,0.017088729412399924,0.012826858038430512,0.008853694080117096,0.007973823860975024,0.009204267370556515,0.014462866727147802,0.019412136709821955,0.48320685198899943
0.022987395321155936,0.016606244883630897,0.012253842672856848,0.012162320196462064,0.012060628556023419,0.014801218265844929,0.016219816649964042,0.018594316454206426,0.02215860845158097,0.026760155181429702,0.03026343219454106,0.03360908716497251,0.03374637087956468,0.03544462127489007,0.029678705262018844,0.025011058965884993,0.019855292795645636,0.01784688289698238,0.014689357461362419,0.014033446380533152,0.012670778398655295,0.012177573942527862,0.013535157342383787,0.01881803806317145,0.029190585387913342,0.4848250649552888
0.032647022737329695,0.024216764850745812,0.014351531618354464,0.011538482055693484,0.009984369971138683,0.009442031085796332,0.00958072758762159,0.011312655700157489,0.013229512481793732,0.016049674685573955,0.0182261428680626,0.02062310292524781,0.02130947279325485,0.02168644277257478,0.01914545173272488,0.016807170964773435,0.014769399284110045,0.013373543464458421,0.012139500230269598,0.01115084311469469,0.010620951351311017,0.011376669470230685,0.013725619199860997,0.02327967438328542,0.02912270906274432,0.5902905336080134
0.024071132653208607,0.01924871866248076,0.014188868329255278,0.011994629026173678,0.010995758895666381,0.01076651001325487,0.01122500777807789,0.014958489577351063,0.01914228168136113,0.026666557500510352,0.03550901439352576,0.04372922431999564,0.04688139645315391,0.04435147128654116,0.03654063436437756,0.02832042443790768,0.021598519707198744,0.01675154333621252,0.013042623917197725,0.010021451145417462,0.00837577166810626,0.008785144672412528,0.009923201624383957,0.014712865774767301,0.0190358447002415,0.4791629140804015
0.03474157955862751,0.02460075493610293,0.016862659698013312,0.01565040650405368,0.0134509291521389,0.012064459930304831,0.012216898954694964,0.014263937282219611,0.016252903600452777,0.0174216027874438,0.019628339140520014,0.020165505226466197,0.02025261324040342,0.02007839721252898,0.016768292682914656,0.01526567944249763,0.01342189314749316,0.013218641114972982,0.011766840882686,0.012514518002313796,0.012224157955856399,0.012529036004636666,0.01469221835074427,0.02233594657373524,0.02910133565619258,0.5685104529612598
0.024398380236640753,0.015289528063219614,0.012546679392484458,0.013074863089213863,0.012639343198928213,0.013955169250429538,0.015094934069687727,0.017226201617894097,0.017911913785577886,0.020209976185383016,0.0226007023916319,0.025426948488166436,0.026705709017090257,0.03498985331316198,0.025473280391388315,0.02593659942360709,0.020293373611182396,0.02248023944325502,0.016132768701857786,0.01744859475335911,0.014196095147183303,0.01655902221149906,0.014437021043937065,0.01993198476605175,0.07347313212925352,0.4615676862769892
0.030334931514652157,0.021764254900365296,0.01612294172166914,0.013731391104331418,0.012541337208622693,0.012392580471659104,0.012507008730861866,0.014864230870438758,0.01814832190955802,0.023961277477058323,0.026501584831359636,0.03052945955529685,0.0324747399617438,0.036022015997029415,0.029041892185660948,0.025334416587491464,0.018079664954036366,0.01545925781829312,0.012655765467825457,0.012026410042210266,0.0113856117906748,0.011820439175645295,0.013582634367367827,0.020345344486251048,0.02854985067108907,0.4998226361976636
0.03348214285712932,0.021237707039328885,0.01389428053829666,0.013295807453410772,0.012110992494819119,0.011666181418214744,0.01207459886127876,0.01384979943063622,0.014383572722561471,0.016854296066245774,0.01815233566251854,0.019636387163553135,0.01865375905796347,0.023534549689431476,0.017173751293988914,0.01833026009316029,0.01602128623187758,0.01919966356106884,0.015350025879910977,0.016296260351960284,0.014124773550718926,0.01620729813663941,0.016073854813658098,0.025099475931666868,0.06079354296063794,0.5225033967389191
0.01851772464605838,0.010029640310822284,0.008761320801695331,0.009848204368751888,0.010958471088247108,0.01240822653944446,0.01371725005466835,0.01661546189303868,0.020765105408219145,0.028184493072739868,0.03741997224333039,0.049139261828517085,0.05315380268516304,0.0542255305052686,0.03847784338050934,0.03089174249952775,0.023052324133793933,0.021361808816746607,0.015163541335134045,0.014383669899170358,0.011017361990685233,0.011838803475428773,0.01069086389922681,0.014990765819892784,0.15864083261342848,0.30574597669044795
0.030727667860723534,0.02987698299294531,0.008506848677782225,0.004837162522900388,0.0036552865412345504,0.0031978218922861052,0.0033506793294650044,0.0038192206042959786,0.004591261428308246,0.0055560355426765165,0.006946152090933898,0.008005077525303664,0.009060679971908674,0.009843797421803469,0.00860432298554848,0.007874373339889823,0.0065905924001047195,0.005635787249030725,0.004707566000074799,0.004579077139837464,0.004330960720068815,0.005231490404318418,0.008379467480133143,0.02891331654116529,0.03152629258685387,0.7516520787502962
0.028173497811377422,0.026271871118664608,0.010086941841815278,0.006938465434286324,0.0058073773951204275,0.005820641753788684,0.006310217173726162,0.007147077620614364,0.008453014024043646,0.009772214786141185,0.011326556451903275,0.01263008115375651,0.012668668378973258,0.013040070421684449,0.010789952851232886,0.01027505456474692,0.008911237323492516,0.008525365071325047,0.007523303066477647,0.007980320515138495,0.008188932701466534,0.009541897285628726,0.012363588129603352,0.0266794486850165,0.03484547022151059,0.6899287342183447
0.02240621239488813,0.0154213120338795,0.010772064319902876,0.010017204912467556,0.010144648708528065,0.01145156032870626,0.013193496445052535,0.01600461248507952,0.019764204468864517,0.02506905247988318,0.030359808148068226,0.03606230531121799,0.03943160066956768,0.04218512191714425,0.035120569183597794,0.030141683189426203,0.023776845913096582,0.021036191587237667,0.016095906358219017,0.014411565034323164,0.011726667369240723,0.011508542410598697,0.011509155121156682,0.01699414003622241,0.06318210002867099,0.4422134291448986
0.03139409240090675,0.025394260708573566,0.012381385172093756,0.010022384919632416,0.009077169065050303,0.008876546326684583,0.00904822014642706,0.009970546158376843,0.010938651855591286,0.012629134057055449,0.014469746696961074,0.01580274341496149,0.016195910123705047,0.01600875199865246,0.013605318522257773,0.012569216527811997,0.011082723218041837,0.010959522006226647,0.010836320794411457,0.011463771774803571,0.012496507615921065,0.013366321635949618,0.015201548430529989,0.025670958512158504,0.035938399394089986,0.6245998485230583
0.03366466616652307,0.023713649000472334,0.014744494947258095,0.011490004854148377,0.011065266316573041,0.011374167071173285,0.011743744759712864,0.013773664004228756,0.015737390229901737,0.01867194739860406,0.02190988923700305,0.02555602135826665,0.02715568598030363,0.02808238824410436,0.02350955385904003,0.021777503199317233,0.018462336172268178,0.016140064427862772,0.01431975640968276,0.012896606504560204,0.012576673580152808,0.012615286174477838,0.013023476457342448,0.01985238956796928,0.02824235470630806,0.5379010193721935
0.03181764389336496,0.029710907024465005,0.007971157689310237,0.004843987594032675,0.0038601180308540416,0.003556723359882361,0.0035776567548436084,0.0039248719992675,0.004695500045774226,0.005871398618730703,0.007463732195449597,0.009312011414561344,0.010879504029259558,0.009698860553445198,0.007235976858271224,0.005831206500405107,0.004643306114337515,0.004167699380817972,0.003551141121226028,0.0034947605107970682,0.0036209191044301865,0.004744344634017137,0.008261434099439536,0.032295483522347034,0.035922822201232,0.7490468327494102
0.028082692679623943,0.02280243690165292,0.010937651097572438,0.008743412145827025,0.0076116913257903126,0.007647048157818161,0.007806909389807326,0.009045607291364197,0.009962165167778444,0.011964208006962214,0.013926663282080615,0.019067304902813463,0.02565757663668813,0.021158495309930702,0.015417996325306564,0.013079308093994383,0.01096938158785384,0.010293068852141648,0.009141403152499481,0.009684145633884244,0.010401254714243956,0.012417500725267974,0.015556703897108125,0.028614858330914907,0.03978912822744295,0.6202213881636017
0.02634267937102846,0.019361896455967573,0.011063166024505631,0.010337481342635423,0.009860742302752077,0.010624934916171454,0.011088114825227627,0.013112221875107763,0.014739317574368322,0.01770605539935341,0.019746975771459237,0.022514123190668364,0.0226735785691959,0.023427466243186625,0.02034466225832095,0.018608008781976847,0.015505679648720046,0.015044126835363134,0.013248355548612563,0.013319947759380028,0.013162119476551753,0.013849838592105883,0.015007245999513228,0.024742159568189155,0.03807837828456179,0.5664907233850226
0.02843578954539414,0.02475335390285965,0.011901581797938276,0.008843044696592686,0.008009387163107517,0.008175222263854566,0.008709480210045062,0.010038850233871414,0.01181821604458976,0.014170385257347916,0.016912491058349136,0.02020678292454053,0.022578673068198336,0.021817624416661876,0.017506808203188562,0.015436110458725399,0.012680558568474418,0.011896203362238372,0.010347213880665928,0.010087256155170553,0.009868533103374443,0.01091374244105585,0.013023882047318311,0.024933531498806442,0.03377209416564921,0.6131631835318921
0.01596372244549933,0.010761859091462262,0.007935239313116248,0.008634758251126208,0.008985659481183435,0.010675085251491495,0.012458896602118633,0.016770186335403087,0.02139698270612511,0.028140223480695555,0.03405226220923022,0.040671812203140575,0.041807103276091453,0.04188169833150492,0.033750837291437026,0.0296469674826441,0.0241912525879908,0.022743118986724258,0.018839818536109377,0.018239632809644902,0.015344507368164072,0.014865348313237773,0.013771160638167785,0.01979813664596198,0.1445933808305876,0.34408034953110367
0.023839355954841247,0.016044422121768747,0.010769790220867492,0.009859781201787089,0.010301734147749974,0.011939930403661285,0.0143504191802165,0.018037260863849866,0.022774528388498895,0.0280959658967119,0.03295654819447073,0.037237461047830184,0.03768211431729183,0.037227559861668084,0.030821492414788522,0.027817832576340146,0.023469411635511826,0.021686298018500666,0.01774472581815142,0.01661419038000603,0.0141487950256428,0.013611430649390573,0.013668137442864426,0.019831175774856043,0.03987747732177956,0.44959216114086425
0.02764035193960651,0.022010789993728477,0.011201887967832839,0.009263532079968334,0.008913473080973558,0.009379025997884859,0.009924811415295692,0.011446673749611667,0.012892391863708342,0.014863965028849725,0.016511541981782802,0.01922258284261096,0.02192340300273854,0.021123633172918356,0.017857097229013817,0.016210542346150797,0.014002870994826078,0.013441754526364378,0.01197457294079649,0.01185754591777488,0.011898939755612218,0.013162218362203586,0.015987220035843182,0.02509079814984748,0.03742258458012915,0.5947757910438762
0.02162000797976617,0.017588502243231177,0.01021295650451514,0.008456259095644071,0.007949629859262137,0.00845051825443861,0.009232707868682672,0.011266400865717237,0.013330233279080471,0.01657811419107004,0.019695390965635367,0.02223140756814777,0.024022550024251608,0.03102063545370858,0.020809114159494806,0.020006831601031626,0.014462614206857655,0.01672881127271339,0.00998045243569397,0.010980794015745551,0.007397073893236515,0.009900080658817517,0.010418191577610373,0.022560070727160413,0.13817487176393975,0.49692577953440387
0.022822500108548572,0.018321772827926953,0.010180232621249275,0.009508922756284684,0.009048944900351392,0.010031655703182325,0.010997744887325404,0.013598858603620744,0.01509616115235935,0.018380796535104233,0.020585365919846464,0.02427536526855026,0.025336774347617566,0.026211614237331402,0.021996507424774554,0.020385228062176373,0.01735330912682847,0.016372633624245025,0.014388894316355727,0.014024236355346664,0.013664327428248418,0.014535096717467267,0.01606360720333409,0.023910028874125366,0.03829858397377318,0.5546108370239923
0.03483342790227351,0.031139418241562765,0.008690388032987502,0.005126463393214364,0.004089832564886657,0.0038590202320168162,0.0040047964422504,0.004638518022849174,0.005430669998597642,0.006404536069741445,0.007577325927766492,0.008788584507936514,0.009519996396087655,0.010228630751389798,0.00884578142375733,0.007907853237775278,0.007021554126250954,0.006556892456131406,0.006214217128603155,0.006443004791886418,0.006900580118452945,0.008620536932250577,0.012455767296625106,0.0314385631729796,0.03787549395610629,0.7153881468755696
0.035313416097738984,0.024857605209826366,0.013751303441082772,0.010930460188481156,0.009303618155703502,0.00893226041277164,0.009062604521217923,0.010079534499379011,0.010880044071063254,0.012620014952681077,0.014421468904320733,0.015828201546420232,0.016729543352940277,0.01868716430243538,0.014944074999506297,0.01447311468313907,0.012665512424497233,0.013351663485940869,0.010920622897277662,0.011541601904498157,0.011551439195701651,0.013081137977844812,0.014453440100732084,0.025567119837878297,0.04828511421094493,0.5977679186258537
0.02543146448523385,0.018273643256184018,0.011797934956104612,0.011296638068634571,0.011236781723862029,0.012375299281723092,0.013612330407022297,0.01626471468475557,0.019054269752592588,0.02280963188347823,0.025539954110134083,0.02911761771747624,0.02950294293694948,0.028900638467675772,0.02437150837988675,0.021755910814044935,0.018105920790102623,0.017241121308857667,0.015470994612928007,0.015571378691140291,0.015085669393454766,0.014949745610533785,0.015399915203510613,0.02236943834796349,0.03449346568236018,0.5099710694333282
0.023855000274687878,0.01869265845038011,0.010854835460654235,0.009813760140640412,0.009655355540497589,0.010680865090555179,0.01173842181405207,0.013883751167431476,0.01607486219715274,0.01954511326386548,0.022490706319700546,0.025742120973499212,0.02679418389583508,0.027456186935738328,0.023970370099069355,0.02198436097935961,0.018489387807422264,0.016887944768984118,0.014693171205155503,0.01374823740545958,0.01280879740692468,0.013001080447560478,0.014187741498341407,0.02181222187631423,0.03491127511124628,0.5462275898693807
0.029964694745991925,0.018722870811761015,0.01575518279422841,0.015096407221370957,0.014774481294181716,0.01533731867681721,0.01741811142474237,0.021078686371655792,0.023888609365267842,0.028244203201344787,0.032081730810223155,0.0374393457441739,0.03898288462685609,0.03692341147675803,0.03115859222430964,0.026259348643641586,0.021624468076029604,0.019671592915067055,0.017465014539961996,0.015838329225754108,0.014561285315910695,0.014369408935466777,0.016111220077941014,0.018403076844354483,0.025201896591417326,0.4336278280445593
0.0224934530490051,0.019779585983286604,0.008799413892005113,0.007544581618654516,0.006977179199400334,0.007009913954357306,0.006852475370992822,0.007541464022944329,0.008986469634616382,0.011496134181317574,0.014782080059855533,0.018887953610172887,0.02222689861578404,0.02797418630751528,0.021313443072699008,0.020331400423989846,0.015803092654942043,0.016520139668285243,0.011597456041898678,0.011563162489086613,0.008928794113977907,0.010104127696718715,0.010648148148146488,0.02463524130190413,0.060846115475735624,0.596357089412552
0.02203921722286467,0.018428347238296863,0.011507764274691069,0.010775844746656108,0.009978871286650984,0.01087556061921269,0.011426886413322759,0.013663586275076817,0.015148523903677602,0.018714936181841092,0.021620762201002543,0.026492271894289456,0.028297204539608344,0.029790179719649458,0.02525448897247879,0.02266062041859511,0.018700368119855496,0.01699967246977838,0.014559019740225972,0.014505017441486261,0.013707039287551097,0.015033235275205383,0.01658197096836378,0.023567607863939737,0.037751625594777856,0.5319193773308766
0.028025893996408414,0.021567956179357056,0.01766207089723684,0.01689956739594644,0.014907721515024574,0.015343437801476232,0.01609038000682193,0.018517942174195452,0.020431981575393807,0.022968472814380244,0.02928635896792928,0.031900656686639224,0.03358127664866705,0.03274096666765314,0.028446048986915367,0.025131492950693828,0.02158351747530176,0.01971616196193751,0.016494973701384186,0.013553888767835495,0.010752855497789125,0.010830661977512635,0.011406429927466611,0.01652609629327359,0.01984065232949513,0.485792536801709
0.031090245174727266,0.020729505236530853,0.015793908751642556,0.014253039605140842,0.012278801011185524,0.011620721479867084,0.010705830424131691,0.013907949119205563,0.015994542755093297,0.020384414750595575,0.02609044580873473,0.03130692989845407,0.03242245495764021,0.03560049757229999,0.03059267284616942,0.029116006580771948,0.02375506600856807,0.023401950162494762,0.017455158300214713,0.016411861482270845,0.012551663255878535,0.012439308213946117,0.012310902451737642,0.0192849404116855,0.029549376028225553,0.4809518077119851
0.04620333281308311,0.015693006641336167,0.013750888692353127,0.014895351055146703,0.015198806984675304,0.01603981341794028,0.01728831781371509,0.020088782534793313,0.019516551353396524,0.021337286930568123,0.02174478489307796,0.028230071615574892,0.029513256689010114,0.037801938649848446,0.03183686209225768,0.033042015640956976,0.029530597027840323,0.031724149889861344,0.02694688654213967,0.02724167230225317,0.01916974457679241,0.016178536128581927,0.014141046316032755,0.017175605611318753,0.05906986422509575,0.3766408295614831
0.0325092030643616,0.014737339568197587,0.014162148044966247,0.012504974629386222,0.011264426425227817,0.011046786389410554,0.011289299572178363,0.01297445527807775,0.014149711471490974,0.017684807481837105,0.020156576460047457,0.02371965476071295,0.024102079395077573,0.03543179783105057,0.022413814545809367,0.02533951845586716,0.01960936722713548,0.02604218485722004,0.01717801711271976,0.020125485026359278,0.015315640234797746,0.01796463038503073,0.01482750472589331,0.018514948761311524,0.17880994428409525,0.3681256840114267
0.026195579225333516,0.016540018618309758,0.010781321036542224,0.010997813426834237,0.011257604295184652,0.013768916022571997,0.015241064276557682,0.01812041306744145,0.022406962395223298,0.025784243683778692,0.027191444220676774,0.03206252300224705,0.03011409148961894,0.04613452837122787,0.030135740728648143,0.033144984953707116,0.02390075988823818,0.02976770366515172,0.018618345565113076,0.020133792297157165,0.012210170812469506,0.014050356129951614,0.009937000714403375,0.016886406442776978,0.07778571583192011,0.40683249983674996
0.0328556457951242,0.02543358658632212,0.012742118592261573,0.009679503973451256,0.007977469216661605,0.008023753383983232,0.007598463016329789,0.008159986027420475,0.008602742118591512,0.009297004628415921,0.010360667190637468,0.011488952929874117,0.012123831979738703,0.013121124792593388,0.011212121212120235,0.010651471487205428,0.009743253864290478,0.009655925246702503,0.009049864640641949,0.009600034931446198,0.009761592873983954,0.011109946729542302,0.014269496113875273,0.028021133525453847,0.034273862544752925,0.6651864465984924
0.030330257406471186,0.021053909664860305,0.016500728508964908,0.013489558037866087,0.012566779990271289,0.014193783389977909,0.011522583778519278,0.011364740165114904,0.01350169985428181,0.017848470131109948,0.020264691597838436,0.027379796017450973,0.03046381738704412,0.042569208353518004,0.03455560951914211,0.03459203496838928,0.028909664885831823,0.027404079650282413,0.019232637202502147,0.020252549781422713,0.01454589606603382,0.01397523069449493,0.011449732880024951,0.016694997571616445,0.031945118989762086,0.4633924235059939
0.025132693036735227,0.017392265891543357,0.014438266144296667,0.014548843674942264,0.013269303677471773,0.017960950334863578,0.019761784405377604,0.020772778971280215,0.022068115758842936,0.024753570074521745,0.02600151649180778,0.030361430557262793,0.03202009351694676,0.0397447238720464,0.0339946922784753,0.032746745861189266,0.027660179451491754,0.027391634019923873,0.020377859218974507,0.01718690762034439,0.013158726146826174,0.012432073802583671,0.01180020219889454,0.014280298243374383,0.02696512068743371,0.44377922406096965
0.03599257884966606,0.019897959183642705,0.01437847866417072,0.014502164502142081,0.014301175015438618,0.014965986394534685,0.017084106369794242,0.020114409400092587,0.022108843537380785,0.024242424242386762,0.02648423005561768,0.030395794681461974,0.028076685219498954,0.029050711193523423,0.023206555349376615,0.02283549783546253,0.02042362399502099,0.019990723562121226,0.01573902288185569,0.015383426097688028,0.013265306122428471,0.011688311688293616,0.013002473716739328,0.016249226963487556,0.02282003710571611,0.4938002473709125
0.029947341287362855,0.023668802474580357,0.013104838709671386,0.009850493445274593,0.008837825894825804,0.008773383414342698,0.009054168507876227,0.01186662247753173,0.014867800854316326,0.020736669612599085,0.025818419502123924,0.032004897628501984,0.03578398880540406,0.034674657534230616,0.02949624392398112,0.025772389158921705,0.020764287818520417,0.01750073648548318,0.014209566946524612,0.012257880394750582,0.010112866401527235,0.009809066136392599,0.010237148328173223,0.01861467079097685,0.024340845485332736,0.5278943879803137
0.02294234154928676,0.009981765593557446,0.009981765593557446,0.011659802565387772,0.0130824006539184,0.016469913229369786,0.01782963405431895,0.021692655935605158,0.023759745975845792,0.028848874496970555,0.030691964285702224,0.03463358274646526,0.03475933727362819,0.04083092303821333,0.027139398893349497,0.02647918762574412,0.021523673289729973,0.025398484657937703,0.019429074446672447,0.02214065643862309,0.01877279300804091,0.020517637072426546,0.0175034582494901,0.019841706488925803,0.14159566775648358,0.32249355508035615
0.03311877076407662,0.026474252491659994,0.020063330564758015,0.015417358803966703,0.013496677740846272,0.013691341362108478,0.012147009966761645,0.014132578903636145,0.016780004152802144,0.023242836378707377,0.031678259966736295,0.03795940614613014,0.037297549833838636,0.03540282392021984,0.02843386627903287,0.022321428571399602,0.021555751661101595,0.018817483388679897,0.017584613787352595,0.015871573920245182,0.014418085548154045,0.012237852990017341,0.011965323920250253,0.016325789036523663,0.024242109634520035,0.4653239202651768
0.035529715761891366,0.025732127476036475,0.02454780361730676,0.030254091300277192,0.02637812230807086,0.02863910422019122,0.025947459086714603,0.024440137811967695,0.02131782945713482,0.01905684754501446,0.02497846683866302,0.022609819121203596,0.023255813953237985,0.02293281653722079,0.026162790697392732,0.03046942291095532,0.02863910422019122,0.028100775193495898,0.029931093884259997,0.024870801033323956,0.015611541774164388,0.008828596037803308,0.006029285098987626,0.013027562446026835,0.01798018949162381,0.4147286821660774
0.019132653061071963,0.021922831632478292,0.023756377550831022,0.022799744897777426,0.021683673469214893,0.022799744897777426,0.01921237244882643,0.025510204081429285,0.025749362244692684,0.036112882652773334,0.044244260203728916,0.05365114795875597,0.04631696428534505,0.051578443877139835,0.047672193877170976,0.04488201530576465,0.03340242346912147,0.02742346938753648,0.016342474489665637,0.012755102040714643,0.010204081632571714,0.008290816326464518,0.007254464285656453,0.004862882653022458,0.011639030612152112,0.34080038265034435
0.02721514767647548,0.01721448096537474,0.014720981398740288,0.013414227615156458,0.01221414760982437,0.010867391159396136,0.011000733382210814,0.011987465831039419,0.013707580505348746,0.016201080071983197,0.01914794319618755,0.025521701446729085,0.027281818787882817,0.03877591839450793,0.023041536102376102,0.024508300553337546,0.019107940529343146,0.024854990332655702,0.015721048069850363,0.017467831188722624,0.012227481832105837,0.013654243616222876,0.011214080938714295,0.02004133608904588,0.15089005933708796,0.40800053336834724
0.02730447153155024,0.022309159688300374,0.014161466584747194,0.010580684794197532,0.009925959455519152,0.011526399172288527,0.01178505609621085,0.013668401823520266,0.018017071356964325,0.023707523683255433,0.028993824565917915,0.034312457564070684,0.0337466455429906,0.03624430146461553,0.03087717029322733,0.026536583788655844,0.02142810954118996,0.018736460926623285,0.014476704710777525,0.012358951146163505,0.009901710368901435,0.009740049791449983,0.010467522389981516,0.016400465582449803,0.021444275598935105,0.5113485725366878
0.03240681173915488,0.024545835633371153,0.015389915206043327,0.01238913076861902,0.010479917986855285,0.010554626313098215,0.011227001249284574,0.012314422442376093,0.014136475510189744,0.01698369283255914,0.019594333788492596,0.02225062983268562,0.023562176004505924,0.0246620485853046,0.02223402798240941,0.019776954141530866,0.01667240813988027,0.014410406039747149,0.012061244225663945,0.011339063738648967,0.010924017481743807,0.01139717021461569,0.01275022101212651,0.020847773484346178,0.02628487944980377,0.5708048161965282
0.025784258959784215,0.014043649976955827,0.013436039161483906,0.01349484020814248,0.013837846313650821,0.014857064455732752,0.015386273875659908,0.018100922196397355,0.020550965807171227,0.026107664716406367,0.03161536275342603,0.03785807387367785,0.03924969864459741,0.047864051980078336,0.03244837758108914,0.03285018473325606,0.025333450935401822,0.02825390291944428,0.01903193876849143,0.020443163888297176,0.014651260792427748,0.01676809847213637,0.013053832358203184,0.01815972324305593,0.05420476484476112,0.3926145885392912
0.031029241459155307,0.02226404169077717,0.013144180660094713,0.012101910828016718,0.009510712217711704,0.008902721482332872,0.009040243196287608,0.011559061957142763,0.015228720324250702,0.018565431383889285,0.02426896352053831,0.027475390851167143,0.029053271569174106,0.031159525188165057,0.02663578459754876,0.022748986682091236,0.019853792704096804,0.017219166184121875,0.013064562825699866,0.010907643312094015,0.009402142443536913,0.00962651997683148,0.010596409959459615,0.018637811233339144,0.024225535610868393,0.5537782281408846
0.04194300269124739,0.02169237793155175,0.01621972318338126,0.014741926182228745,0.0150182622068345,0.016496059207987013,0.018382352941165428,0.021416041906945998,0.023260284505945274,0.025308775470957497,0.025434928873494907,0.02398716839675606,0.022647539407906425,0.024239475201830882,0.02092945021144456,0.021914648212212902,0.02115172049210571,0.022617502883492756,0.02042483660129492,0.020154507881571897,0.017859717416367587,0.016195693963850323,0.015030276816599967,0.01873678392924672,0.028426566705096343,0.46577037677788247
0.021443965517215703,0.01755268199231615,0.013493773946343997,0.012775383141747155,0.011362547892706703,0.01234434865898905,0.011194923371634106,0.012260536398452752,0.011757662835234965,0.015660919540211135,0.018738026819900937,0.02563457854403061,0.030567528735595585,0.04409722222216942,0.02527538314173219,0.026364942528704065,0.01770833333331213,0.0240900383141474,0.015373563218372398,0.019061302681969514,0.015996168582356328,0.01955220306511069,0.01646312260534427,0.02197078544058672,0.06515804597693348,0.4741020114936852
0.014340753424596144,0.01284246575336968,0.011001712328720027,0.012799657534191782,0.017208904109515373,0.019006849314987126,0.021489726027305266,0.02363013698620021,0.022431506849219043,0.031121575342332525,0.04148116438338407,0.05954623287645742,0.06729452054765712,0.07174657534215861,0.04636130136966455,0.038441780821753244,0.03184931506835681,0.03176369863000101,0.019606164383477714,0.016181506849245797,0.010402397260229441,0.011857876712278006,0.006549657534218537,0.008904109589002979,0.016309931506779493,0.33583047945061717
0.018435572865940646,0.012359623498855983,0.011061343719564387,0.011541707237902278,0.01114573190521834,0.013047711781880527,0.013748782862697989,0.0156312885426708,0.019039272963311236,0.0251152223303959,0.03252839987015091,0.040350535540382766,0.04549821486527394,0.052405063291105225,0.04023369036024652,0.03565076273934719,0.02783511846801179,0.02976955533915627,0.022765335929878113,0.023622200584210565,0.017799415774087765,0.017565725413815278,0.015774099318392878,0.02098669263224863,0.06571892242774052,0.3603700097368644
0.04097774600035312,0.02337116811143368,0.016265975511590553,0.017561891143008483,0.019617481454912784,0.01975154169264567,0.021270891053618415,0.023862722316454272,0.025337384931516053,0.02922513182576984,0.03320225221184555,0.042005541156305275,0.04709983019015506,0.040888372508531196,0.035302529269660814,0.0342300473677977,0.03052104745718777,0.02640986683337917,0.02149432478317323,0.01640003574932344,0.011663240682761358,0.010099204575877652,0.011216373223651727,0.011663240682761358,0.016936276700255,0.3736258825615621
0.02685942173477776,0.018291791292776145,0.013413094051170879,0.012136922565628356,0.010767696909265026,0.011944167497499538,0.012907942838143631,0.015892323030896716,0.020784313725476383,0.02630109670985291,0.03320039880356716,0.03911598537717573,0.04164838816879917,0.04184114323692799,0.03371219674308162,0.026979062811547373,0.02149551345960685,0.016716517115309592,0.013692256563633305,0.011159853772009863,0.009850448654031339,0.00955134596210731,0.011219674310394669,0.0157394483216911,0.020584911930860362,0.4841940844131046
0.027967337189994893,0.022162941824207794,0.012112846441361992,0.010728631915252444,0.009879491911840703,0.010158661228030864,0.01106983885726264,0.012857297951202423,0.015447368829188917,0.018456193681460654,0.022535167579128008,0.025943359647616227,0.027583479380233422,0.02747879088666211,0.023954278269761327,0.020984226933627115,0.017672968655482704,0.015474510290485183,0.012620779502763536,0.011438187260569103,0.01017029328287212,0.01060067931199862,0.012050808815541957,0.02043752035608805,0.02657149060904409,0.5636428493879354
0.036901736961177566,0.025525374771178704,0.0152534387815667,0.011739355416699434,0.010480464013461272,0.010704438557595668,0.010132917307045828,0.010488187273603837,0.011538550652992733,0.013639277411770527,0.01418762888189267,0.016697688428226432,0.01883703148771705,0.019895118127248514,0.018651673244295484,0.01862078020372522,0.016342418461668423,0.016018041535680677,0.012998246819937597,0.01130685284871577,0.010542250094601795,0.010287382509897136,0.011461318051567079,0.020242664833663958,0.022428347454009973,0.6050788158692876
0.02795800444253899,0.014343114975462246,0.012267306334097032,0.010918808344951009,0.010238155357213802,0.009971017356650276,0.010228091939384355,0.011211562318171312,0.013111718575604345,0.015730036923593434,0.018387694086734,0.021476248504208206,0.023060779384263097,0.03190286423168258,0.022645434684756792,0.02363164963204269,0.018212041702801822,0.021914464607872348,0.01409976323522287,0.015092382175672962,0.010270175323034774,0.012655205348613934,0.011934298689558937,0.018545049347339915,0.22748996402783475,0.3727041684506021
0.0249682176454997,0.018815153826547634,0.014645308924447889,0.015153826595435663,0.013272311212780899,0.014009661835713172,0.012890922959540068,0.016069158403213657,0.016043732519664268,0.021586575133431003,0.022679888126054717,0.028909229595654947,0.030841596745408487,0.0425120772945779,0.029366895499543945,0.03445207220942168,0.025400457665839305,0.027587083651086735,0.018993135011393356,0.020213577421764013,0.015153826595435663,0.01947622679883174,0.015128400711886274,0.020061022120467682,0.029697431985685998,0.452072209508131
0.020491803278642882,0.01590342124016415,0.014210620099754519,0.012361903064833478,0.011560049893060495,0.013720598717004364,0.013431040627197454,0.01846489664999451,0.025770669992815014,0.03116090520306673,0.034501960085454156,0.041228617248660844,0.04385691375613895,0.04472558802555968,0.035125623663499805,0.030960441910123485,0.02369921596573481,0.020870456165313456,0.015212936564470748,0.013408766927981538,0.011515502494628663,0.010624554525992015,0.011270491803253584,0.013252851033470124,0.022518709907291254,0.4501514611536659
0.01725195822453182,0.011364229765005637,0.009530026109654354,0.009967362924275478,0.009347258485633586,0.01018929503915784,0.01054177545691218,0.012552219321140631,0.01441253263706631,0.01690600522192108,0.018276762402076843,0.021351174934711913,0.020039164490848537,0.03152088772843895,0.018805483028708353,0.02188642297648702,0.017101827676229045,0.023400783289801958,0.015613577023488503,0.01787206266317371,0.013988250652732383,0.019902088772832963,0.020587467362910842,0.03186684073104969,0.1250783289816416,0.46064621409891604
0.030284547680135637,0.019949681059222218,0.015553127144259868,0.014943200589583011,0.014299389226312994,0.015010970206769328,0.016163053698936725,0.01931434089810049,0.022440214490819385,0.027827899057131626,0.030657280574660384,0.03180936406682778,0.030547154946732616,0.030869060628367626,0.02534583682768275,0.024846035900933656,0.021338958211541727,0.020254644336560646,0.016501901784868312,0.015883504028043165,0.015570069548556447,0.015400645505590654,0.013731818682377585,0.016993231509469114,0.030013469211390368,0.46445060018427875
0.020111731843514686,0.012743469726671468,0.011626151290920652,0.015280084553781428,0.015038502189294764,0.016699380945140573,0.017695908198648056,0.024097840857544624,0.027902763098209563,0.031194322814340345,0.03720368413094609,0.04439075947442431,0.04828627510177175,0.06045598671278739,0.04336403442535599,0.042699682923017665,0.03049977351644119,0.03388192661925447,0.021621621621556328,0.021500830439312998,0.012320700588819808,0.012501887362184804,0.00969349237502735,0.014615733051443106,0.05209119734243669,0.3224822587941341
0.027494749941639286,0.016654351715002864,0.01671268569649149,0.016858520650213055,0.013591817686849974,0.013698763319579121,0.014670996344389562,0.018287703196684407,0.021282180913100565,0.027251691685436678,0.03360037333744886,0.04093101034451959,0.04534494827715899,0.04655051722792394,0.03628373648592568,0.03018783542036421,0.023722485805374775,0.02125301392235625,0.01620712452359006,0.015371004122253082,0.012347359415092608,0.012745974955264888,0.012201524461371042,0.015575173057463273,0.0268627984755125,0.424311659018021
